40     60004
169    60004
72     60010
22     60014
14     60014
71     60018
39     60020
144    60021
44     60021
183    60025
36     60033
1      60035
46     60035
111    60035
56     60035
57     60035
58     60035
15     60035
6      60035
173    60047
172    60047
66     60047
165    60047
122    60048
145    60050
69     60053
102    60053
124    60062
33     60067
23     60076
163    60076
50     60077
10     60085
101    60085
8      60087
43     60089
176    60089
190    60090
189    60090
106    60093
159    60097
109    60098
114    60098
174    60098
29     60098
35     60115
194    60115
129    60118
64     60133
188    60133
65     60133
142    60137
92     60140
51     60143
4      60151
12     60153
157    60175
42     60187
7      60188
76     60189
60     60302
49     60402
53     60408
162    60411
93     60420
130    60423
121    60426
127    60435
192    60438
196    60439
179    60439
146    60439
197    60439
16     60441
167    60441
17     60441
182    60444
78     60450
116    60450
184    60457
158    60467
3      60481
37     60506
5      60511
54     60513
139    60517
75     60520
34     60520
198    60521
164    60525
199    60525
104    60527
47     60543
41     60544
62     60560
119    60564
186    60607
120    60607
77     60607
74     60607
73     60607
166    60607
67     60607
79     60607
63     60607
161    60607
156    60607
136    60607
155    60607
150    60607
149    60607
68     60607
80     60607
171    60607
85     60607
96     60607
84     60607
95     60607
87     60607
88     60607
97     60607
83     60607
108    60607
82     60607
177    60607
81     60607
107    60607
98     60607
90     60608
195    60608
117    60609
19     60611
18     60611
128    60611
27     60612
180    60614
28     60615
187    60615
191    60616
113    60617
103    60617
30     60617
48     60617
154    60618
2      60618
20     60618
59     60618
123    60621
38     60621
170    60623
115    60624
45     60624
132    60625
168    60632
52     60634
143    60636
86     60640
9      60641
178    60642
185    60642
148    60642
134    60642
133    60642
110    60644
152    60647
151    60647
31     60649
175    60651
26     60653
181    60654
100    60657
147    60660
70     60660
126    60660
112    60804
160    60804
55     60827
118    60827
11     60970
141    61012
25     61021
24     61021
32     61021
131    61046
94     61053
91     61065
153    61081
137    61085
105    61109
61     61244
0      61270
140    61277
99     61326
89     61340
138    61356
135    61356
125    61701
193    61801
13     61866
21     61953